1 0.958915878348834 0.988406234676078 -0.259844797678395 -0.382653022135109 0.580085291609514 0.921283974315148 -0.412990365660631 0.264158885974777 0.948529077121217 0.209299981205139 0.954849709114191 0.894522340668199 0.940168616393564 0.184522133697024 0.868821973518906 0.221734657014474 0.663805039510673 -0.143447218691015 -0.375967541005191 0.746971744989 0.365161325952025 0.48443456511356 0.730468140396773 0.673670199171113 0.41869337185046 -0.374152883487186 0.717461697695825 0.719648099724783 0.685211908754241 0.976418418879537 0.895591210181543 0.896631204742192 -0.361286884144309 0.668033909177708 0.652781048750955 0.976015757360389 0.484938973117808 0.911505507082877 0.718958463586773 -0.457614963470182 -0.397752390967649 -0.732897973729816 -0.479236220219959 -0.354555920427379 -0.712192812759167 0.166421118660688 -0.755584396504715 -0.459133420246085 -0.624088771832244
0.958915878348834 1 0.969785715388776 -0.249628948485653 -0.366012082864543 0.576289451736986 0.88153431410239 -0.398092814570541 0.105160110010022 0.898878314636847 0.196126772737131 0.932180524272568 0.873603330083361 0.900974160049992 0.207321851025182 0.830848499334874 0.210994108055469 0.634538478751684 -0.115398972196263 -0.360633054980845 0.716246910037132 0.34256002886307 0.409713454444292 0.700227199011173 0.644195305580449 0.326444913681481 -0.358315475242821 0.687757239476336 0.689451991889649 0.693774284523472 0.935665364556918 0.861368028641668 0.856941503961387 -0.344120415086454 0.660565152967993 0.643256875575958 0.933986712889575 0.445799275640874 0.864553956425919 0.688324325381134 -0.431428516780903 -0.381910374549263 -0.692083999980651 -0.450634025039308 -0.338028909238867 -0.669518389961215 0.195678627749168 -0.716412676371418 -0.430569661007395 -0.582082014300394
0.988406234676078 0.969785715388776 1 -0.257828916247359 -0.379302784312314 0.54832684779828 0.910346347413542 -0.408270309506842 0.27115011564067 0.934396522662073 0.206372768859463 0.965867470100601 0.90674327226399 0.929603865917094 0.192374777792789 0.858786514253595 0.218560511748563 0.654853799546894 -0.136825481414931 -0.372609877961363 0.737564748133678 0.326499305806978 0.497653504696626 0.721187745650351 0.664763399487566 0.429906328660207 -0.370751640640785 0.708030355440798 0.710533789860845 0.660504793200351 0.964995554287411 0.885650996470911 0.884160286216347 -0.357512544458661 0.683069155527401 0.667254324181404 0.964172891937013 0.474715651983955 0.900752255485674 0.70931903106437 -0.449670675602408 -0.393780400838662 -0.721082362462986 -0.470364438442525 -0.351226583912354 -0.700095259780041 0.176782616982291 -0.744331527704319 -0.450242291309177 -0.610127049900577
-0.259844797678395 -0.249628948485653 -0.257828916247359 1 -0.128153395608402 -0.139379539110059 -0.287704311621747 0.678949250776511 -0.080405701759235 -0.242679993941844 0.0758891262373443 -0.252203819972984 -0.272435046331101 -0.280720130648115 -0.0901982665057285 -0.308498762598236 0.0684917308841777 -0.392885762041944 -0.159331408195816 -0.127829594529351 -0.352119299521025 -0.0958683565553189 -0.141637147001454 -0.353749304511549 -0.389837805944321 -0.123102465134157 -0.128555243206145 -0.342544984949329 -0.350005703352331 -0.168278176905818 -0.262821764342503 -0.264447430161622 -0.242615659161401 -0.128544158553991 -0.359198340710449 -0.3555848932167 -0.259795765479986 -0.289432633541738 -0.245295336253717 -0.356252607063709 0.48605222600608 -0.148500532626267 0.294105766212621 0.456066029785199 -0.126712165175628 0.287241577378231 -0.142687686771452 0.299890467780891 0.460990961039009 0.315809951964561
-0.382653022135109 -0.366012082864543 -0.379302784312314 -0.128153395608402 1 -0.211103606170278 -0.414182414672329 -0.180917354299075 -0.109036242967758 -0.361660176147942 0.073966367428385 -0.365760839694343 -0.387146435651604 -0.407742916541125 -0.0434965151604948 -0.439158121759379 0.0879806555127451 0.275968669091267 0.764633905823257 0.946492303781998 0.270774991279378 -0.108174485310311 -0.187378814427303 0.299215703597156 0.269970675140715 -0.16288266868674 0.933422365536599 0.284658383248052 0.290624052992991 -0.265161381408746 -0.38064621547659 -0.375708294320626 -0.35106752089647 0.916201177524063 0.187274768568002 0.193662883520786 -0.375801808036692 0.322294683889848 -0.346149461314868 0.287640301213875 -0.209862444450443 0.760071769477192 0.392712664330017 -0.219789265006251 0.875931428889538 0.388329055081097 -0.175888633934313 0.402050964728065 -0.217526737238164 0.221926170234028
0.580085291609514 0.576289451736986 0.54832684779828 -0.139379539110059 -0.211103606170278 1 0.534500849153271 -0.235469225820979 -0.13631037653569 0.556630269757555 0.090285621902192 0.542188228921632 0.453905656549238 0.543499852594633 0.227694712558635 0.502722245305359 0.129830913533694 0.390527702187163 0.119957644145761 -0.215434206345093 0.434533733511582 0.649902607299447 -0.194384438734768 0.423186710263817 0.394650741721098 -0.174226699005713 -0.21436104828446 0.415503576845842 0.413580601751268 0.826779715843693 0.564415445435154 0.504303493317321 0.545351762268711 -0.214433321718388 0.33022541370084 0.339773618879325 0.566979638475493 0.183523909614385 0.553609010359332 0.417888534439893 -0.321267618837198 -0.231159983188497 -0.491971417294722 -0.328409879034009 -0.209642847103982 -0.503109190362281 -0.169170612901843 -0.482839517160104 -0.319564457773858 -0.346787756200073
0.921283974315148 0.88153431410239 0.910346347413542 -0.287704311621747 -0.414182414672329 0.534500849153271 1 -0.45083507859556 0.245146309106748 0.876058284744181 0.234509436175604 0.879300426419644 0.812008384877436 0.855988411336005 0.154426129514702 0.936475469250184 0.243055240465156 0.716380320934385 -0.188995655020901 -0.409143745952785 0.644195699229897 0.341711963570879 0.44870041267681 0.628306842162483 0.727320850968865 0.386073676967086 -0.409121432812807 0.609220736678785 0.61732545494252 0.631852101815047 0.898478016304498 0.898191676019455 0.82715576252789 -0.397054992608695 0.649213907089917 0.635775774911593 0.899218486938957 0.492785605397124 0.838498994435903 0.617160887003045 -0.493095716888445 -0.25724847890251 -0.656321061245214 -0.514258960358027 -0.389806043095773 -0.63842328923836 0.140546231190317 -0.676440154302622 -0.492018831567249 -0.543257005249675
-0.412990365660631 -0.398092814570541 -0.408270309506842 0.678949250776511 -0.180917354299075 -0.235469225820979 -0.45083507859556 1 -0.107816629024594 -0.392719214531608 0.120221418994352 -0.39514997789915 -0.230416056497639 -0.253549643293054 -0.0352083220563117 -0.295772880652928 0.118791238942925 -0.609570219681912 -0.232044647077705 -0.169290519899749 -0.533192002401318 -0.151672656181735 -0.210497242315567 -0.530821053145709 -0.585278670091868 -0.179133387916063 -0.166901493601962 -0.518102296308399 -0.524427603693704 -0.263779892572702 -0.409195287991391 -0.407339354076644 -0.370174411076938 -0.16447816368291 -0.512707278472249 -0.507120538519508 -0.397131218240919 -0.437354761790741 -0.369570002739153 -0.519227967573749 0.515954615790076 -0.181589506811246 0.280665413448472 0.472700100234848 -0.143827316535308 0.269636521862351 -0.213958732081952 0.287683292423936 0.482122313230438 0.291878785443115
0.264158885974777 0.105160110010022 0.27115011564067 -0.080405701759235 -0.109036242967758 -0.13631037653569 0.245146309106748 -0.107816629024594 1 0.253164524670867 0.0690815941835067 0.290426057676825 0.276374655681524 0.253360824987749 -0.0878807458966483 0.235649004996498 0.0570491275009775 0.171466273972016 -0.132638799598091 -0.103434105874551 0.192526158734931 -0.0871040220487315 0.573642582879529 0.189628361987799 0.17410987152808 0.647593562743613 -0.105342453231689 0.184372969503271 0.188317247456127 -0.14843365967137 0.259916986383819 0.216145966671841 0.18972723080638 -0.107645692839544 0.181960322122467 0.188949344103418 0.26250149214871 0.223014605189281 0.291220434811279 0.187859477570516 -0.155412510856695 -0.111354063914277 -0.236419908469704 -0.155876448620069 -0.10122715173444 -0.242715879789893 0.131939644168518 -0.232162704808467 -0.152588101458879 -0.230561738627609
0.948529077121217 0.898878314636847 0.934396522662073 -0.242679993941844 -0.361660176147942 0.556630269757555 0.876058284744181 -0.392719214531608 0.253164524670867 1 0.197064300064829 0.897963975867325 0.837540618508513 0.890237521167491 0.209277260564716 0.824784923357682 0.210663469691087 0.628670923844642 -0.135620421018972 -0.357534496285564 0.706918701633282 0.392080890782839 0.469883417348642 0.691431928091232 0.640513853008201 0.413804168676103 -0.354972466547826 0.678840353528233 0.681024199846205 0.668805885298146 0.92478486607932 0.840406380987309 0.845504222603324 -0.341772139510757 0.631580666977094 0.61428951793318 0.924584368459878 0.441928690790558 0.855287277726827 0.681720493347957 -0.425733008953336 -0.372091805569095 -0.712363094274212 -0.447510887237595 -0.334140935177582 -0.6886996120922 0.130968218280632 -0.706308502510123 -0.426732757697918 -0.573639253491821
0.209299981205139 0.196126772737131 0.206372768859463 0.0758891262373443 0.073966367428385 0.090285621902192 0.234509436175604 0.120221418994352 0.0690815941835067 0.197064300064829 1 0.206346290471728 0.239971870453819 0.229953075199917 0.0895657002371102 0.25387477332724 0.952960287325485 0.2851537356773 0.0865691908559938 0.056000254156964 0.253932021771759 0.06835910603621 0.1206251595143 0.254772984439438 0.282258467909429 0.101900094345014 0.0595317731356116 0.269507837668157 0.252542618861881 0.13691684168227 0.213211092376333 0.209968318524511 0.190355458149087 0.0619752290801055 0.278414519609558 0.274451126365285 0.208155539024951 0.256779912213788 0.191561216810638 0.256198908931941 0.153930205513287 0.08090812978546 0.213900595743666 0.157884847786756 0.0614653608978046 0.215071164638781 -0.533600530293951 0.207597761080327 0.150145510785862 0.205169480861282
0.954849709114191 0.932180524272568 0.965867470100601 -0.252203819972984 -0.365760839694343 0.542188228921632 0.879300426419644 -0.39514997789915 0.290426057676825 0.897963975867325 0.206346290471728 1 0.884167655445665 0.898785001944692 0.211146505603973 0.830028196228013 0.211710285136603 0.634240251468159 -0.121670559182995 -0.360146151642616 0.714211441864982 0.305961405313155 0.50449704379806 0.698838433918893 0.642732261611208 0.460149832357348 -0.358429243641504 0.687367942016089 0.687965290530645 0.620620633821239 0.940375080743251 0.869340227622266 0.86574930533451 -0.349251296390743 0.692274478893501 0.686691510867674 0.943987905716507 0.449891117185949 0.874470318251234 0.693189905895554 -0.433318408702092 -0.395196365606983 -0.700279188990884 -0.447107213427667 -0.352176814356685 -0.677570113691058 0.176675830597558 -0.723976154664494 -0.428544690018879 -0.584016904249184
0.894522340668199 0.873603330083361 0.90674327226399 -0.272435046331101 -0.387146435651604 0.453905656549238 0.812008384877436 -0.230416056497639 0.276374655681524 0.837540618508513 0.239971870453819 0.884167655445665 1 0.960059117470704 0.186024495557931 0.884847681528564 0.226985475884702 0.548331065777622 -0.168960951603098 -0.368376328809403 0.64689437692368 0.263334717697999 0.499303612933898 0.631205934151776 0.567904998736872 0.432736064630631 -0.364839554264625 0.614745727968641 0.622100430071168 0.553610479833939 0.871376981781098 0.801479362691558 0.8069772023099 -0.351399671041573 0.609235807380092 0.605686737376131 0.872214823476892 0.414499394600907 0.808477533473165 0.621156792852798 -0.464773826887131 -0.394352367314565 -0.73605977845415 -0.486963471310087 -0.344643077965233 -0.71508598646008 0.165730370674587 -0.759769344358889 -0.466537337871755 -0.62577504153852
0.940168616393564 0.900974160049992 0.929603865917094 -0.280720130648115 -0.407742916541125 0.543499852594633 0.855988411336005 -0.253549643293054 0.253360824987749 0.890237521167491 0.229953075199917 0.898785001944692 0.960059117470704 1 0.159670132532653 0.923575998576761 0.237878100845327 0.581528078588426 -0.164677463574978 -0.385343133987035 0.681461528304763 0.341468641420732 0.459899424892659 0.664837807249467 0.601234907541748 0.397592249792733 -0.381799647375748 0.648532882115491 0.654896499757257 0.640347987698131 0.916467749072252 0.837853490942191 0.843899588593159 -0.368965956749825 0.604996970679284 0.591260457619282 0.918051589739375 0.43336242156336 0.857941131915175 0.655392403565968 -0.491575092985228 -0.410751906716745 -0.77785987544119 -0.515195278144816 -0.361047158802351 -0.758063433313506 0.137589494839341 -0.798581707596576 -0.4947616819797 -0.666680141796551
0.184522133697024 0.207321851025182 0.192374777792789 -0.0901982665057285 -0.0434965151604948 0.227694712558635 0.154426129514702 -0.0352083220563117 -0.0878807458966483 0.209277260564716 0.0895657002371102 0.211146505603973 0.186024495557931 0.159670132532653 1 0.129801133415458 0.080860656540656 0.121837888633684 0.267242178252091 -0.0480014505046212 0.156596506186287 -0.0839075709973898 0.0786095999808551 0.153281392197004 0.124752049055163 0.119945144766283 -0.0456312804981439 0.164572283191726 0.15440881193372 0.178939019433833 0.184970213033004 0.201949829768938 0.243525032048046 -0.0506853118178806 0.147956589100792 0.15363235257343 0.189960722438181 -0.195961999200347 0.0332914271847469 0.156553738501672 0.103377569032828 -0.084595865469178 0.00943770919231906 0.0907526712644418 -0.0495212702076274 0.00059052952781094 -0.145456265971368 0.0178463612508217 0.103769135193177 -0.0254105273726132
0.868821973518906 0.830848499334874 0.858786514253595 -0.308498762598236 -0.439158121759379 0.502722245305359 0.936475469250184 -0.295772880652928 0.235649004996498 0.824784923357682 0.25387477332724 0.830028196228013 0.884847681528564 0.923575998576761 0.129801133415458 1 0.258342958917321 0.643412923598097 -0.206228375382355 -0.415826859795315 0.588295734291542 0.320618988172719 0.427578407249128 0.571838733609972 0.663267593377719 0.367299601681881 -0.414615123017539 0.549464943052351 0.561643949861054 0.591393417767394 0.845635900460856 0.846926454163487 0.78097695654833 -0.40254256179239 0.592701602026894 0.580660327460084 0.848547950089631 0.44861562774728 0.79191398517371 0.562558554469804 -0.536279211779275 -0.269329465254477 -0.708444961152592 -0.55900924566061 -0.394007952951123 -0.691235127700092 0.114476969400338 -0.726768082367915 -0.536480004284122 -0.593458992738604
0.221734657014474 0.210994108055469 0.218560511748563 0.0684917308841777 0.0879806555127451 0.129830913533694 0.243055240465156 0.118791238942925 0.0570491275009775 0.210663469691087 0.952960287325485 0.211710285136603 0.226985475884702 0.237878100845327 0.080860656540656 0.258342958917321 1 0.31058442648335 0.115166658176109 0.0770130257480787 0.281821743029277 0.0820986427715983 0.100280249159485 0.28020893576063 0.305077555148526 0.0821381209668113 0.0763393592229923 0.295354044515172 0.277942941124633 0.169403428687264 0.225564760561429 0.220416586020953 0.203615977785953 0.0772964331034564 0.276447862133185 0.272251392534483 0.221008442840432 0.280117283359746 0.206836420668427 0.280749068181896 0.155569011177547 0.0916663721114098 0.221071334674319 0.157579192076488 0.0766137015212243 0.220993080082547 -0.57254891045471 0.215553213492155 0.150416730830445 0.214803981257012
0.663805039510673 0.634538478751684 0.654853799546894 -0.392885762041944 0.275968669091267 0.390527702187163 0.716380320934385 -0.609570219681912 0.171466273972016 0.628670923844642 0.2851537356773 0.634240251468159 0.548331065777622 0.581528078588426 0.121837888633684 0.643412923598097 0.31058442648335 1 0.399783275482415 0.30526754594588 0.886594722778045 0.257534679220097 0.329370207246662 0.88945521711072 0.971922110858133 0.283040021894292 0.29181790698527 0.857922912239846 0.872339956216545 0.450239526766872 0.647993359878986 0.652500203559138 0.595375425611913 0.291017922798302 0.828240662884638 0.818866065801694 0.652664016578851 0.78980863248807 0.610762341103956 0.868925908607367 -0.684966300977814 0.317033941087716 -0.387988704048984 -0.713093204688258 0.265666494172568 -0.373347680498095 0.0207354938171268 -0.403273935764501 -0.71762747779291 -0.399568627021993
-0.143447218691015 -0.115398972196263 -0.136825481414931 -0.159331408195816 0.764633905823257 0.119957644145761 -0.188995655020901 -0.232044647077705 -0.132638799598091 -0.135620421018972 0.0865691908559938 -0.121670559182995 -0.168960951603098 -0.164677463574978 0.267242178252091 -0.206228375382355 0.115166658176109 0.399783275482415 1 0.81744789084643 0.421798562353861 -0.118535871076098 -0.225715957086468 0.445096966965977 0.408990779727695 -0.203196603349517 0.804033518892178 0.430074059454335 0.435244618934073 0.0388555616015517 -0.143901590964692 -0.148223100884637 -0.113628903888389 0.786621514041196 0.345399721840249 0.352827353857153 -0.138819527130979 0.28530596169604 -0.116871233320936 0.433488424554119 -0.339441046110072 0.637716088128437 0.175724747650888 -0.34699280552203 0.753270467113541 0.168131530861709 -0.210580426956418 0.188082604822626 -0.340144333273043 0.0297220777679978
-0.375967541005191 -0.360633054980845 -0.372609877961363 -0.127829594529351 0.946492303781998 -0.215434206345093 -0.409143745952785 -0.169290519899749 -0.103434105874551 -0.357534496285564 0.056000254156964 -0.360146151642616 -0.368376328809403 -0.385343133987035 -0.0480014505046212 -0.415826859795315 0.0770130257480787 0.30526754594588 0.81744789084643 1 0.313482755347098 -0.124979968910342 -0.180586378802204 0.342623325652989 0.315060635458644 -0.157585804874165 0.985875931781887 0.328382238522347 0.333835869383691 -0.268988059552613 -0.375465281294833 -0.371524827825241 -0.348388658589784 0.96880914158649 0.232984938830251 0.238597710601764 -0.370531011555783 0.359254291253749 -0.343101097799352 0.331313754154029 -0.260728279121535 0.810078767778361 0.38711064857892 -0.270161312034579 0.929037409334762 0.382519798992878 -0.167673294439781 0.394787632531268 -0.265834289471078 0.212050219141917
0.746971744989 0.716246910037132 0.737564748133678 -0.352119299521025 0.270774991279378 0.434533733511582 0.644195699229897 -0.533192002401318 0.192526158734931 0.706918701633282 0.253932021771759 0.714211441864982 0.64689437692368 0.681461528304763 0.156596506186287 0.588295734291542 0.281821743029277 0.886594722778045 0.421798562353861 0.313482755347098 1 0.288230661327375 0.369432774908166 0.987315889313016 0.904191581471297 0.317308907137194 0.306680090423271 0.965690930416582 0.971856131832889 0.514869137177138 0.738684488861448 0.656529744026396 0.67617037077365 0.30686495495894 0.840199059459948 0.828468284164927 0.741617387566971 0.745104044980146 0.695211836714831 0.968495615364691 -0.645905356423767 0.145527234971426 -0.483608969095153 -0.671844660909516 0.279907439133898 -0.465685177372828 0.0545409091120798 -0.501333187416021 -0.648532687444335 -0.474189502883689
0.365161325952025 0.34256002886307 0.326499305806978 -0.0958683565553189 -0.108174485310311 0.649902607299447 0.341711963570879 -0.151672656181735 -0.0871040220487315 0.392080890782839 0.06835910603621 0.305961405313155 0.263334717697999 0.341468641420732 -0.0839075709973898 0.320618988172719 0.0820986427715983 0.257534679220097 -0.118535871076098 -0.124979968910342 0.288230661327375 1 -0.139633360454996 0.281969953076618 0.263836058369488 -0.125840657586622 -0.124127029451416 0.279291790434775 0.277188643121788 0.544990943532846 0.361638200166232 0.313164176406721 0.335130510874241 -0.120725464240954 0.187208293987202 0.194984215612279 0.36405373918458 0.208679497546117 0.384635403810881 0.280526027319116 -0.213282593005105 -0.130863970433115 -0.308644967573712 -0.219047787527744 -0.111548252608528 -0.316099047098354 -0.127131836704986 -0.303856655433666 -0.211270725993926 -0.101538648418
0.48443456511356 0.409713454444292 0.497653504696626 -0.141637147001454 -0.187378814427303 -0.194384438734768 0.44870041267681 -0.210497242315567 0.573642582879529 0.469883417348642 0.1206251595143 0.50449704379806 0.499303612933898 0.459899424892659 0.0786095999808551 0.427578407249128 0.100280249159485 0.329370207246662 -0.225715957086468 -0.180586378802204 0.369432774908166 -0.139633360454996 1 0.362703156135837 0.333174692380569 0.889506402874539 -0.180276377625564 0.355955594408431 0.360656611430742 -0.223862552846237 0.485194993244817 0.476612759513891 0.46441139730109 -0.184141956428586 0.386525033729842 0.396197144139751 0.488451849742663 0.277225772772551 0.390301079632466 0.3621219019142 -0.149219051778637 -0.205874007598509 -0.317867978443814 -0.159092434263333 -0.181303529655239 -0.326038054004122 0.522555827763479 -0.307775264718076 -0.148492611911693 -0.274603210826411
0.730468140396773 0.700227199011173 0.721187745650351 -0.353749304511549 0.299215703597156 0.423186710263817 0.628306842162483 -0.530821053145709 0.189628361987799 0.691431928091232 0.254772984439438 0.698838433918893 0.631205934151776 0.664837807249467 0.153281392197004 0.571838733609972 0.28020893576063 0.88945521711072 0.445096966965977 0.342623325652989 0.987315889313016 0.281969953076618 0.362703156135837 1 0.915403335886214 0.312238357534303 0.33888295120468 0.978374676621746 0.984907290353996 0.508662191796844 0.728241942730132 0.646364548579423 0.666356764441676 0.339176828345484 0.856057297594607 0.84440269641488 0.731426607320536 0.758730774230411 0.685905282555134 0.982065750807825 -0.657913812946641 0.172209724699038 -0.474108785899419 -0.684203343862642 0.312469227320999 -0.456267630385107 0.0500431779057042 -0.491505516146836 -0.660343385713753 -0.489260260754113
0.673670199171113 0.644195305580449 0.664763399487566 -0.389837805944321 0.269970675140715 0.394650741721098 0.727320850968865 -0.585278670091868 0.17410987152808 0.640513853008201 0.282258467909429 0.642732261611208 0.567904998736872 0.601234907541748 0.124752049055163 0.663267593377719 0.305077555148526 0.971922110858133 0.408990779727695 0.315060635458644 0.904191581471297 0.263836058369488 0.333174692380569 0.915403335886214 1 0.28542683131525 0.309338712967194 0.884984936938941 0.8979051169696 0.461973083967142 0.661556763984922 0.664144383392465 0.607098142641962 0.308956157137821 0.854337074343823 0.844232520668353 0.665757343466739 0.786289151294477 0.623024203395324 0.895795555413826 -0.720040243409751 0.334356267945383 -0.404861309152581 -0.746073869898642 0.283653302733502 -0.389596076732083 0.0260019814241044 -0.419865242403997 -0.720098951313259 -0.416511188967039
0.41869337185046 0.326444913681481 0.429906328660207 -0.123102465134157 -0.16288266868674 -0.174226699005713 0.386073676967086 -0.179133387916063 0.647593562743613 0.413804168676103 0.101900094345014 0.460149832357348 0.432736064630631 0.397592249792733 0.119945144766283 0.367299601681881 0.0821381209668113 0.283040021894292 -0.203196603349517 -0.157585804874165 0.317308907137194 -0.125840657586622 0.889506402874539 0.312238357534303 0.28542683131525 1 -0.158823458051792 0.307916318881738 0.309472327825434 -0.211520931690355 0.419513785618954 0.406089171104458 0.40826419460724 -0.162143418457859 0.33086295756726 0.339711591567076 0.42387958672575 0.217277095754027 0.333323661638846 0.311787013310301 -0.100455809944136 -0.181338053126595 -0.254750710559853 -0.112777041493204 -0.157776665808 -0.262447269103119 0.385488694108568 -0.246282452438663 -0.105082756711928 -0.227313046076296
-0.374152883487186 -0.358315475242821 -0.370751640640785 -0.128555243206145 0.933422365536599 -0.21436104828446 -0.409121432812807 -0.166901493601962 -0.105342453231689 -0.354972466547826 0.0595317731356116 -0.358429243641504 -0.364839554264625 -0.381799647375748 -0.0456312804981439 -0.414615123017539 0.0763393592229923 0.29181790698527 0.804033518892178 0.985875931781887 0.306680090423271 -0.124127029451416 -0.180276377625564 0.33888295120468 0.309338712967194 -0.158823458051792 1 0.339532639703857 0.345135123434734 -0.267316479775336 -0.37489180862563 -0.371546811826669 -0.348031787312924 0.98322261216614 0.244280357145677 0.249542152234186 -0.369937710584561 0.367747574306171 -0.343012961000325 0.342725633138577 -0.272839636272754 0.821083562758622 0.384130665953626 -0.282262791199989 0.942992517899551 0.379409477063714 -0.16580295498802 0.392347452835838 -0.27690279632131 0.212190168864166
0.717461697695825 0.687757239476336 0.708030355440798 -0.342544984949329 0.284658383248052 0.415503576845842 0.609220736678785 -0.518102296308399 0.184372969503271 0.678840353528233 0.269507837668157 0.687367942016089 0.614745727968641 0.648532882115491 0.164572283191726 0.549464943052351 0.295354044515172 0.857922912239846 0.430074059454335 0.328382238522347 0.965690930416582 0.279291790434775 0.355955594408431 0.978374676621746 0.884984936938941 0.307916318881738 0.339532639703857 1 0.977300394021257 0.50211983258737 0.717253027831045 0.632806346658892 0.656652098710083 0.341427446804781 0.844784064501304 0.832561089373352 0.721297423861671 0.74342386655779 0.67544940296398 0.973338986987654 -0.63103261971208 0.16371999969632 -0.452706526842353 -0.653285033916416 0.313468919417279 -0.435160262672476 0.0370820101944234 -0.469881332285759 -0.628494897248526 -0.465509266087149
0.719648099724783 0.689451991889649 0.710533789860845 -0.350005703352331 0.290624052992991 0.413580601751268 0.61732545494252 -0.524427603693704 0.188317247456127 0.681024199846205 0.252542618861881 0.687965290530645 0.622100430071168 0.654896499757257 0.15440881193372 0.561643949861054 0.277942941124633 0.872339956216545 0.435244618934073 0.333835869383691 0.971856131832889 0.277188643121788 0.360656611430742 0.984907290353996 0.8979051169696 0.309472327825434 0.345135123434734 0.977300394021257 1 0.502550978291677 0.720681096238387 0.638425948827057 0.65941539895681 0.347435439592684 0.855075086681834 0.843194640888188 0.723608834065026 0.757306667778031 0.677159843256275 0.979943546806328 -0.654437780810219 0.176542914870408 -0.467017136063495 -0.679702952257601 0.319727874841667 -0.45001059366782 0.0485450620428454 -0.483972184784014 -0.655910429748318 -0.480757794182705
0.685211908754241 0.693774284523472 0.660504793200351 -0.168278176905818 -0.265161381408746 0.826779715843693 0.631852101815047 -0.263779892572702 -0.14843365967137 0.668805885298146 0.13691684168227 0.620620633821239 0.553610479833939 0.640347987698131 0.178939019433833 0.591393417767394 0.169403428687264 0.450239526766872 0.0388555616015517 -0.268988059552613 0.514869137177138 0.544990943532846 -0.223862552846237 0.508662191796844 0.461973083967142 -0.211520931690355 -0.267316479775336 0.50211983258737 0.502550978291677 1 0.686190720049552 0.5945793167785 0.654715326046312 -0.251536054978047 0.425047211239932 0.399447387015891 0.68399879876445 0.287756257248728 0.685274041103215 0.500989563245614 -0.361542103415416 -0.29048298767318 -0.577151741047354 -0.375877586646033 -0.251562361059202 -0.594873094133787 -0.213824492443957 -0.577211065277968 -0.362407714653763 -0.455453377183016
0.976418418879537 0.935665364556918 0.964995554287411 -0.262821764342503 -0.38064621547659 0.564415445435154 0.898478016304498 -0.409195287991391 0.259916986383819 0.92478486607932 0.213211092376333 0.940375080743251 0.871376981781098 0.916467749072252 0.184970213033004 0.845635900460856 0.225564760561429 0.647993359878986 -0.143901590964692 -0.375465281294833 0.738684488861448 0.361638200166232 0.485194993244817 0.728241942730132 0.661556763984922 0.419513785618954 -0.37489180862563 0.717253027831045 0.720681096238387 0.686190720049552 1 0.901096175401883 0.905296722396942 -0.366435117730642 0.690423492001235 0.675333196768039 0.987179801327636 0.481368017270185 0.923037940090324 0.725895673550291 -0.44942281093824 -0.426092657424647 -0.741441457377453 -0.463886292966248 -0.369406750484319 -0.720877064689265 0.16622471439015 -0.764230385928258 -0.442839947219463 -0.628571677583658
0.895591210181543 0.861368028641668 0.885650996470911 -0.264447430161622 -0.375708294320626 0.504303493317321 0.898191676019455 -0.407339354076644 0.216145966671841 0.840406380987309 0.209968318524511 0.869340227622266 0.801479362691558 0.837853490942191 0.201949829768938 0.846926454163487 0.220416586020953 0.652500203559138 -0.148223100884637 -0.371524827825241 0.656529744026396 0.313164176406721 0.476612759513891 0.646364548579423 0.664144383392465 0.406089171104458 -0.371546811826669 0.632806346658892 0.638425948827057 0.5945793167785 0.901096175401883 1 0.919992619360007 -0.364583059859255 0.678890557688767 0.686093914547343 0.906080835166597 0.513349429938616 0.834395648162983 0.645119599248808 -0.450932879978676 -0.319308939260637 -0.658125865953284 -0.466042951661385 -0.368192412872213 -0.635542795061591 0.180846130384713 -0.682073518144029 -0.448653177672156 -0.542034617976875
0.896631204742192 0.856941503961387 0.884160286216347 -0.242615659161401 -0.35106752089647 0.545351762268711 0.82715576252789 -0.370174411076938 0.18972723080638 0.845504222603324 0.190355458149087 0.86574930533451 0.8069772023099 0.843899588593159 0.243525032048046 0.78097695654833 0.203615977785953 0.595375425611913 -0.113628903888389 -0.348388658589784 0.67617037077365 0.335130510874241 0.46441139730109 0.666356764441676 0.607098142641962 0.40826419460724 -0.348031787312924 0.656652098710083 0.65941539895681 0.654715326046312 0.905296722396942 0.919992619360007 1 -0.340523142358752 0.618168668483704 0.623697924935213 0.909659550982734 0.445396627244306 0.829256668389775 0.665972532280823 -0.402001396289434 -0.391885314989834 -0.669466721829456 -0.419148462220851 -0.343294572085449 -0.69008987213837 0.174897561405006 -0.69683654416652 -0.403067616964705 -0.564510971016498
-0.361286884144309 -0.344120415086454 -0.357512544458661 -0.128544158553991 0.916201177524063 -0.214433321718388 -0.397054992608695 -0.16447816368291 -0.107645692839544 -0.341772139510757 0.0619752290801055 -0.349251296390743 -0.351399671041573 -0.368965956749825 -0.0506853118178806 -0.40254256179239 0.0772964331034564 0.291017922798302 0.786621514041196 0.96880914158649 0.30686495495894 -0.120725464240954 -0.184141956428586 0.339176828345484 0.308956157137821 -0.162143418457859 0.98322261216614 0.341427446804781 0.347435439592684 -0.251536054978047 -0.366435117730642 -0.364583059859255 -0.340523142358752 1 0.250642284303559 0.25596797848565 -0.364742899900845 0.376959431418308 -0.33741308234441 0.349650634939324 -0.279093272864531 0.82626240029381 0.394124329257904 -0.289224973452083 0.950030416240433 0.390099209287875 -0.171760347849081 0.390252626155417 -0.283959161141026 0.2082477799166
0.668033909177708 0.660565152967993 0.683069155527401 -0.359198340710449 0.187274768568002 0.33022541370084 0.649213907089917 -0.512707278472249 0.181960322122467 0.631580666977094 0.278414519609558 0.692274478893501 0.609235807380092 0.604996970679284 0.147956589100792 0.592701602026894 0.276447862133185 0.828240662884638 0.345399721840249 0.232984938830251 0.840199059459948 0.187208293987202 0.386525033729842 0.856057297594607 0.854337074343823 0.33086295756726 0.244280357145677 0.844784064501304 0.855075086681834 0.425047211239932 0.690423492001235 0.678890557688767 0.618168668483704 0.250642284303559 1 0.987347153556674 0.681956772921942 0.712957597399449 0.629484771360222 0.866801891851081 -0.620331754629404 0.191858851273468 -0.417190553203101 -0.638621389059015 0.221825285029295 -0.398875955108039 0.0566052856879318 -0.434563476632155 -0.614042257956323 -0.396005837063972
0.652781048750955 0.643256875575958 0.667254324181404 -0.3555848932167 0.193662883520786 0.339773618879325 0.635775774911593 -0.507120538519508 0.188949344103418 0.61428951793318 0.274451126365285 0.686691510867674 0.605686737376131 0.591260457619282 0.15363235257343 0.580660327460084 0.272251392534483 0.818866065801694 0.352827353857153 0.238597710601764 0.828468284164927 0.194984215612279 0.396197144139751 0.84440269641488 0.844232520668353 0.339711591567076 0.249542152234186 0.832561089373352 0.843194640888188 0.399447387015891 0.675333196768039 0.686093914547343 0.623697924935213 0.25596797848565 0.987347153556674 1 0.666555398869286 0.699671187221731 0.611688912088962 0.855296107158209 -0.612124308972159 0.198279080052584 -0.403226451306195 -0.629640671230453 0.226579026790324 -0.384505181664086 0.0631118353579109 -0.421321273759441 -0.605846098292444 -0.383324126296314
0.976015757360389 0.933986712889575 0.964172891937013 -0.259795765479986 -0.375801808036692 0.566979638475493 0.899218486938957 -0.397131218240919 0.26250149214871 0.924584368459878 0.208155539024951 0.943987905716507 0.872214823476892 0.918051589739375 0.189960722438181 0.848547950089631 0.221008442840432 0.652664016578851 -0.138819527130979 -0.370531011555783 0.741617387566971 0.36405373918458 0.488451849742663 0.731426607320536 0.665757343466739 0.42387958672575 -0.369937710584561 0.721297423861671 0.723608834065026 0.68399879876445 0.987179801327636 0.906080835166597 0.909659550982734 -0.364742899900845 0.681956772921942 0.666555398869286 1 0.49262938336852 0.934522154018279 0.738013281052354 -0.465280145097683 -0.428531780952396 -0.75792008513267 -0.480037712750193 -0.372296319595101 -0.737090914181736 0.177747657240092 -0.781410641120598 -0.460757994409669 -0.643694762588859
0.484938973117808 0.445799275640874 0.474715651983955 -0.289432633541738 0.322294683889848 0.183523909614385 0.492785605397124 -0.437354761790741 0.223014605189281 0.441928690790558 0.256779912213788 0.449891117185949 0.414499394600907 0.43336242156336 -0.195961999200347 0.44861562774728 0.280117283359746 0.78980863248807 0.28530596169604 0.359254291253749 0.745104044980146 0.208679497546117 0.277225772772551 0.758730774230411 0.786289151294477 0.217277095754027 0.367747574306171 0.74342386655779 0.757306667778031 0.287756257248728 0.481368017270185 0.513349429938616 0.445396627244306 0.376959431418308 0.712957597399449 0.699671187221731 0.49262938336852 1 0.525273295809595 0.770681695568595 -0.671215022651201 0.352072622848547 -0.325176023216699 -0.67942787630013 0.352386049300122 -0.305233195674399 0.0711764002152342 -0.345375054361235 -0.691959767726643 -0.348617918789771
0.911505507082877 0.864553956425919 0.900752255485674 -0.245295336253717 -0.346149461314868 0.553609010359332 0.838498994435903 -0.369570002739153 0.291220434811279 0.855287277726827 0.191561216810638 0.874470318251234 0.808477533473165 0.857941131915175 0.0332914271847469 0.79191398517371 0.206836420668427 0.610762341103956 -0.116871233320936 -0.343101097799352 0.695211836714831 0.384635403810881 0.390301079632466 0.685905282555134 0.623024203395324 0.333323661638846 -0.343012961000325 0.67544940296398 0.677159843256275 0.685274041103215 0.923037940090324 0.834395648162983 0.829256668389775 -0.33741308234441 0.629484771360222 0.611688912088962 0.934522154018279 0.525273295809595 1 0.692366166306687 -0.524926056157319 -0.400043677390823 -0.781654551767242 -0.532726097274393 -0.346098897820305 -0.757908077844587 0.189642766014375 -0.807641122450106 -0.517611583856173 -0.674386981809089
0.718958463586773 0.688324325381134 0.70931903106437 -0.356252607063709 0.287640301213875 0.417888534439893 0.617160887003045 -0.519227967573749 0.187859477570516 0.681720493347957 0.256198908931941 0.693189905895554 0.621156792852798 0.655392403565968 0.156553738501672 0.562558554469804 0.280749068181896 0.868925908607367 0.433488424554119 0.331313754154029 0.968495615364691 0.280526027319116 0.3621219019142 0.982065750807825 0.895795555413826 0.311787013310301 0.342725633138577 0.973338986987654 0.979943546806328 0.500989563245614 0.725895673550291 0.645119599248808 0.665972532280823 0.349650634939324 0.866801891851081 0.855296107158209 0.738013281052354 0.770681695568595 0.692366166306687 1 -0.673589664938344 0.176498723383006 -0.482770241572973 -0.696784218781399 0.322082765601029 -0.465184193612586 0.0562065051898883 -0.500221824486579 -0.673584464540044 -0.495129175632522
-0.457614963470182 -0.431428516780903 -0.449670675602408 0.48605222600608 -0.209862444450443 -0.321267618837198 -0.493095716888445 0.515954615790076 -0.155412510856695 -0.425733008953336 0.153930205513287 -0.433318408702092 -0.464773826887131 -0.491575092985228 0.103377569032828 -0.536279211779275 0.155569011177547 -0.684966300977814 -0.339441046110072 -0.260728279121535 -0.645905356423767 -0.213282593005105 -0.149219051778637 -0.657913812946641 -0.720040243409751 -0.100455809944136 -0.272839636272754 -0.63103261971208 -0.654437780810219 -0.361542103415416 -0.44942281093824 -0.450932879978676 -0.402001396289434 -0.279093272864531 -0.620331754629404 -0.612124308972159 -0.465280145097683 -0.671215022651201 -0.524926056157319 -0.673589664938344 1 -0.29372964056256 0.624471476346195 0.947460641178517 -0.254268998369729 0.607336900697084 -0.299579465236803 0.63683261035944 0.928850378515124 0.632797912350173
-0.397752390967649 -0.381910374549263 -0.393780400838662 -0.148500532626267 0.760071769477192 -0.231159983188497 -0.25724847890251 -0.181589506811246 -0.111354063914277 -0.372091805569095 0.08090812978546 -0.395196365606983 -0.394352367314565 -0.410751906716745 -0.084595865469178 -0.269329465254477 0.0916663721114098 0.317033941087716 0.637716088128437 0.810078767778361 0.145527234971426 -0.130863970433115 -0.205874007598509 0.172209724699038 0.334356267945383 -0.181338053126595 0.821083562758622 0.16371999969632 0.176542914870408 -0.29048298767318 -0.426092657424647 -0.319308939260637 -0.391885314989834 0.82626240029381 0.191858851273468 0.198279080052584 -0.428531780952396 0.352072622848547 -0.400043677390823 0.176498723383006 -0.29372964056256 1 0.48468431787521 -0.324608180812244 0.866190382144824 0.474607691730833 -0.21166579251832 0.492788742397047 -0.318441077378944 0.315384656887017
-0.732897973729816 -0.692083999980651 -0.721082362462986 0.294105766212621 0.392712664330017 -0.491971417294722 -0.656321061245214 0.280665413448472 -0.236419908469704 -0.712363094274212 0.213900595743666 -0.700279188990884 -0.73605977845415 -0.77785987544119 0.00943770919231906 -0.708444961152592 0.221071334674319 -0.387988704048984 0.175724747650888 0.38711064857892 -0.483608969095153 -0.308644967573712 -0.317867978443814 -0.474108785899419 -0.404861309152581 -0.254750710559853 0.384130665953626 -0.452706526842353 -0.467017136063495 -0.577151741047354 -0.741441457377453 -0.658125865953284 -0.669466721829456 0.394124329257904 -0.417190553203101 -0.403226451306195 -0.75792008513267 -0.325176023216699 -0.781654551767242 -0.482770241572973 0.624471476346195 0.48468431787521 1 0.647986073982395 0.414082378957174 0.976926511119193 -0.455970408468452 0.978172433389237 0.630258608839122 0.84054918321957
-0.479236220219959 -0.450634025039308 -0.470364438442525 0.456066029785199 -0.219789265006251 -0.328409879034009 -0.514258960358027 0.472700100234848 -0.155876448620069 -0.447510887237595 0.157884847786756 -0.447107213427667 -0.486963471310087 -0.515195278144816 0.0907526712644418 -0.55900924566061 0.157579192076488 -0.713093204688258 -0.34699280552203 -0.270161312034579 -0.671844660909516 -0.219047787527744 -0.159092434263333 -0.684203343862642 -0.746073869898642 -0.112777041493204 -0.282262791199989 -0.653285033916416 -0.679702952257601 -0.375877586646033 -0.463886292966248 -0.466042951661385 -0.419148462220851 -0.289224973452083 -0.638621389059015 -0.629640671230453 -0.480037712750193 -0.67942787630013 -0.532726097274393 -0.696784218781399 0.947460641178517 -0.324608180812244 0.647986073982395 1 -0.288552712463366 0.631637196302644 -0.305296499825447 0.661074634007214 0.975362715072461 0.664084821236865
